lp:256	send_count:134028	send_bytes:59727904	send_time:4778232.319998	recv_count:134028	recv_bytes:59727904	recv_time:52859048.986711	max_event_size:768
lp:257	send_count:127892	send_bytes:59173216	send_time:4733857.279998	recv_count:127892	recv_bytes:59173216	recv_time:59543349.456356	max_event_size:768
lp:258	send_count:143308	send_bytes:66300768	send_time:5304061.439997	recv_count:143308	recv_bytes:66300768	recv_time:57433087.420317	max_event_size:768
lp:259	send_count:144972	send_bytes:66415200	send_time:5313215.999997	recv_count:144972	recv_bytes:66415200	recv_time:65069801.386881	max_event_size:768
