lp:54	send_count:630282	send_bytes:319509240	send_time:25560739.200367	recv_count:631482	recv_bytes:320149240	recv_time:165628321.364191	max_event_size:768
lp:55	send_count:560323	send_bytes:283674668	send_time:22693973.440303	recv_count:546123	recv_bytes:276268268	recv_time:165604281.736641	max_event_size:768
lp:56	send_count:444226	send_bytes:225042488	send_time:18003399.040201	recv_count:444226	recv_bytes:224997688	recv_time:770020257.390312	max_event_size:768
lp:57	send_count:518835	send_bytes:262634260	send_time:21010740.800267	recv_count:531835	recv_bytes:269445460	recv_time:215246620.215399	max_event_size:768
