# Format <LP ID> <Group ID> <Router ID> <Link traffic per router port(s)># Router ports in the order: 8 local channels, 4 global channels
 8 0 0 0 4038336 2041472 32832 33664 21888 11360 4059808 0 1997696 0 45440
 17 0 1 4038336 0 3092544 999264 54720 0 2975072 987904 6013312 2105472 416 0
 26 0 2 2041472 3092544 0 2974656 5112544 999680 2105888 22304 6035200 4189056 0 23136
 35 0 3 32832 999264 2974656 0 1031680 999264 1009792 2963712 1997696 43776 22720 0
 44 0 4 33664 54720 5112544 1031680 0 3072320 988320 416 2105472 22304 22720 22720
 53 0 5 21888 0 999680 999264 3072320 0 1042208 4027392 4189056 22304 22304 22720
 62 0 6 11360 2975072 2105888 1009792 988320 1042208 0 1987584 2019584 0 832 22304
 71 0 7 4059808 987904 22304 2963712 416 4027392 1987584 0 6035200 22304 0 832
 80 1 0 0 5970368 1075872 4038336 22304 11360 1031680 44192 6013312 1976224 0 45024
 89 1 1 5970368 0 11776 1020736 416 11776 1074624 0 0 416 22304 0
 98 1 2 1075872 11776 0 3995808 1987168 3071488 1009792 1010208 5949312 21888 22720 44608
 107 1 3 4038336 1020736 3995808 0 43776 2974656 416 0 4059392 6014144 0 22720
 116 1 4 22304 416 1987168 43776 0 3039488 4093056 2974656 4081280 1976224 0 22720
 125 1 5 11360 11776 3071488 2974656 3039488 0 1030848 2040640 2105472 2084000 22720 0
 134 1 6 1031680 1074624 1009792 416 4093056 1030848 0 2009472 2105472 4189056 22304 22720
 143 1 7 44192 0 1010208 0 2974656 2040640 2009472 0 43776 22304 0 22304
 152 2 0 0 4017280 3093376 988320 4082112 998848 3137152 2105472 6035200 416 0 6273472
 161 2 1 4017280 0 1010208 987904 2986016 11360 2084416 988320 5949312 22720 0 44192
 170 2 2 3093376 1010208 0 1975808 1032512 21888 988320 416 0 22720 0 22304
 179 2 3 988320 987904 1975808 0 1975808 2963712 987904 3951616 5927424 416 0 0
 188 2 4 4082112 2986016 1032512 1975808 0 1975808 1010208 987904 3951616 1975808 0 44608
 197 2 5 998848 11360 21888 2963712 1975808 0 416 1975808 21888 22304 416 0
 206 2 6 3137152 2084416 988320 987904 1010208 416 0 1975808 2083584 44608 21888 416
 215 2 7 2105472 988320 416 3951616 987904 1975808 1975808 0 22720 7989120 0 21888
 224 3 0 0 6013312 3007904 987904 1021152 10944 988736 0 1997696 0 1975808 66496
 233 3 1 6013312 0 1976224 1975808 3017600 4005504 21888 2963712 4059392 0 5927424 2084000
 242 3 2 3007904 1976224 0 2964544 3072320 0 3071904 0 5927424 22720 0 6295776
 251 3 3 987904 1975808 2964544 0 43776 1010208 21888 987904 0 44608 0 44192
 260 3 4 1021152 3017600 3072320 43776 0 2985600 988736 988320 5927424 0 0 22720
 269 3 5 10944 4005504 0 1010208 2985600 0 988320 987904 1975808 21888 0 0
 278 3 6 988736 21888 3071904 21888 988736 988320 0 1975808 416 416 0 22720
 287 3 7 0 2963712 0 987904 988320 987904 1975808 0 416 0 0 0
 296 4 0 0 3028544 66080 4037504 416 988320 1097344 1052736 2105472 0 0 22304
 305 4 1 3028544 0 2964128 2986016 22304 987904 21888 0 4081280 21888 0 22304
 314 4 2 66080 2964128 0 2963712 3093792 416 1998528 988320 3951616 416 1975808 44608
 323 4 3 4037504 2986016 2963712 0 987904 3951616 0 2963712 5927424 22304 5927424 2061696
 332 4 4 416 22304 3093792 987904 0 3973504 2106304 0 0 416 0 6273472
 341 4 5 988320 987904 416 3951616 3973504 0 1009792 987904 7903232 416 0 44192
 350 4 6 1097344 21888 1998528 0 2106304 1009792 0 1998528 416 45024 0 44608
 359 4 7 1052736 0 988320 2963712 0 987904 1998528 0 22720 22304 0 0
 368 5 0 0 3029376 22304 0 2020000 2061696 2052000 1064096 4189056 22720 0 0
 377 5 1 3029376 0 416 0 4993408 1041792 10944 1021152 2105472 416 0 416
 386 5 2 22304 416 0 2964128 2009056 11360 3115680 416 21888 44608 0 22304
 395 5 3 0 0 2964128 0 1009792 2964128 416 987904 1975808 832 0 22304
 404 5 4 2020000 4993408 2009056 1009792 0 2986016 3094624 22304 7903232 22304 1975808 66496
 413 5 5 2061696 1041792 11360 2964128 2986016 0 1009792 1975808 0 0 5927424 2084000
 422 5 6 2052000 10944 3115680 416 3094624 1009792 0 2985600 3951616 22304 0 6295776
 431 5 7 1064096 1021152 416 987904 22304 1975808 2985600 0 22720 416 0 44192
 440 6 0 0 3061792 4037920 1052736 21888 1975808 44608 2084000 2019584 2105888 0 0
 449 6 1 3061792 0 1064096 32832 1053568 3007072 2996544 998848 2105472 4081280 22304 22304
 458 6 2 4037920 1064096 0 2975488 1042208 32832 1042208 2019168 2083584 2084000 22720 416
 467 6 3 1052736 32832 2975488 0 3995392 1010208 21888 1021152 416 3995392 22304 22304
 476 6 4 21888 1053568 1042208 3995392 0 3017600 832 999264 416 2105888 22720 416
 485 6 5 1975808 3007072 32832 1010208 3017600 0 3007904 1986752 3951616 4081280 0 0
 494 6 6 44608 2996544 1042208 21888 832 3007904 0 3018016 0 2084000 1998112 66496
 503 6 7 2084000 998848 2019168 1021152 999264 1986752 3018016 0 5927840 43776 22720 2062112
 512 7 0 0 5047712 2008640 1031264 2974656 3951616 3973920 3017600 6035200 5927424 1975808 0
 521 7 1 5047712 0 33248 1031264 11360 987904 416 3017600 43776 3951616 0 416
 530 7 2 2008640 33248 0 3006656 1031680 416 987904 987904 22720 21888 0 21888
 539 7 3 1031264 1031264 3006656 0 54720 999680 2985600 1009792 416 2061696 2105472 22304
 548 7 4 2974656 11360 1031680 54720 0 3040320 1031680 2019168 22720 22304 4168000 22304
 557 7 5 3951616 987904 416 999680 3040320 0 22304 1009792 22720 1998112 66080 0
 566 7 6 3973920 416 987904 2985600 1031680 22304 0 2964128 5927840 22304 416 416
 575 7 7 3017600 3017600 987904 1009792 2019168 1009792 2964128 0 0 6013312 0 21888
 584 8 0 0 2963712 1975808 416 54720 1031264 998848 2963712 1997696 0 1975808 0
 593 8 1 2963712 0 987904 988320 2996960 3994976 998848 2963712 1976224 5927424 3951616 0
 602 8 2 1975808 987904 0 1975808 999264 1053152 999264 3951616 416 1975808 1975808 0
 611 8 3 416 988320 1975808 0 21888 2030528 2008640 988320 0 22304 416 416
 620 8 4 54720 2996960 999264 21888 0 1998112 2084000 416 0 21888 66080 22304
 629 8 5 1031264 3994976 1053152 2030528 1998112 0 2116832 54720 22720 416 4189888 22304
 638 8 6 998848 998848 999264 2008640 2084000 2116832 0 3018016 2105888 0 4189888 416
 647 8 7 2963712 2963712 3951616 988320 416 54720 3018016 0 5927424 0 44192 0
 656 9 0 0 2963712 987904 11360 1976224 11360 2073472 4124224 2105472 5927424 0 1975808
 665 9 1 2963712 0 2963712 10944 0 11776 1085984 1031264 416 0 0 0
 674 9 2 987904 2963712 0 3006656 2008640 2964544 1986752 3974336 22720 7903232 1975808 0
 683 9 3 11360 10944 3006656 0 43776 999264 2996544 988320 0 22304 0 2105472
 692 9 4 1976224 0 2008640 43776 0 3039904 1031680 2040640 21888 416 22304 4168000
 701 9 5 11360 11776 2964544 999264 3039904 0 11360 999264 416 22720 22720 66496
 710 9 6 2073472 1085984 1986752 2996544 1031680 11360 0 2974656 4081280 22720 44192 22304
 719 9 7 4124224 1031264 3974336 988320 2040640 999264 2974656 0 3951616 22304 6013312 0
 728 10 0 0 8032896 1975808 416 32832 1031264 998848 2083584 4189056 1975808 0 1975808
 737 10 1 8032896 0 1998112 1976224 2975072 2041056 10944 1009792 21888 7903232 0 3951616
 746 10 2 1975808 1998112 0 1975808 998848 1031264 1020736 988736 22720 0 0 1975808
 755 10 3 416 1976224 1975808 0 11360 3994976 2996544 1010624 22720 3952032 0 416
 764 10 4 32832 2975072 998848 11360 0 1998112 2095360 21888 416 0 0 66080
 773 10 5 1031264 2041056 1031264 3994976 1998112 0 2105888 77440 44608 22720 416 4189888
 782 10 6 998848 10944 1020736 2996544 2095360 2105888 0 3018016 2084000 21888 22304 4189888
 791 10 7 2083584 1009792 988736 1010624 21888 77440 3018016 0 21888 416 22304 44192
 800 11 0 0 2019584 3962560 10944 0 11776 1043456 3060544 43776 22304 1975808 0
 809 11 1 2019584 0 4983296 1053568 1986752 22304 65664 2105472 6014144 22304 2105472 21888
 818 11 2 3962560 4983296 0 2030528 2019168 1031264 2019168 2019584 416 3952032 4168000 1976224
 827 11 3 10944 1053568 2030528 0 416 1009792 2974656 998848 44608 0 44192 0
 836 11 4 0 1986752 2019168 416 0 4950880 987904 1975808 22304 5927424 0 0
 845 11 5 11776 22304 1031264 1009792 4950880 0 416 2963712 832 1998112 21888 416
 854 11 6 1043456 65664 2019168 2974656 987904 416 0 2963712 3995392 416 416 43776
 863 11 7 3060544 2105472 2019584 998848 1975808 2963712 2963712 0 2061696 3973504 0 2061696
 872 12 0 0 2964128 32832 3994560 33248 11360 998848 0 22304 21888 1975808 0
 881 12 1 2964128 0 2008640 2018752 416 1976640 10944 987904 1976224 416 416 416
 890 12 2 32832 2008640 0 3962560 2964128 1052736 11776 416 1975808 0 66080 22304
 899 12 3 3994560 2018752 3962560 0 987904 3006656 2019584 11360 0 5927424 6035616 0
 908 12 4 33248 416 2964128 987904 0 1987168 3071488 998848 416 0 1975808 0
 917 12 5 11360 1976640 1052736 3006656 1987168 0 3093792 1043040 22304 5927424 2105888 22304
 926 12 6 998848 10944 11776 2019584 3071488 3093792 0 4993824 2105888 1975808 4189888 416
 935 12 7 0 987904 416 11360 998848 1043040 4993824 0 22304 0 44192 0
 944 13 0 0 1986752 0 0 3951616 416 2073472 2052416 22304 416 0 1975808
 953 13 1 1986752 0 1031680 1030848 1986752 11360 3083264 3125792 2084000 22720 0 2105472
 962 13 2 0 1031680 0 3995808 2019168 1031264 2019584 2041056 22304 22720 22304 4168000
 971 13 3 0 1030848 3995808 0 21888 1009792 2985600 1031680 21888 1998112 22304 44192
 980 13 4 3951616 1986752 2019168 21888 0 1986752 988320 988320 416 5927424 1975808 0
 989 13 5 416 11360 1031264 1009792 1986752 0 2964128 987904 0 0 416 22304
 998 13 6 2073472 3083264 2019584 2985600 988320 2964128 0 3951616 4081280 7903232 44192 22304
 1007 13 7 2052416 3125792 2041056 1031680 988320 987904 3951616 0 1998112 0 6013312 0
 1016 14 0 0 2964128 32832 1030848 0 2964128 998848 0 0 0 0 1975808
 1025 14 1 2964128 0 33248 1031264 33664 999680 10944 3071488 4189056 22720 0 416
 1034 14 2 32832 33248 0 2975072 2974656 2029696 33248 22720 44608 21888 0 66080
 1043 14 3 1030848 1031264 2975072 0 987904 3994976 2019584 11360 416 416 416 6035616
 1052 14 4 0 33664 2974656 987904 0 3962560 3071904 1032928 45024 1975808 0 1975808
 1061 14 5 2964128 999680 2029696 3994976 3962560 0 2084000 2041472 22304 7903232 0 2105888
 1070 14 6 998848 10944 33248 2019584 3071904 2084000 0 4005920 2084000 0 22304 4189888
 1079 14 7 0 3071488 22720 11360 1032928 2041472 4005920 0 22304 3951616 22304 44192
 1088 15 0 0 2009472 416 1986752 1975808 2964128 4006336 5025408 22304 0 9879040 0
 1097 15 1 2009472 0 2061696 10944 1998112 988320 1020736 2061696 22304 22304 1975808 0
 1106 15 2 416 2061696 0 2963712 2963712 0 2963712 987904 7989120 416 0 0
 1115 15 3 1986752 10944 2963712 0 0 987904 1975808 3951616 0 3973504 1975808 0
 1124 15 4 1975808 1998112 2963712 0 0 1975808 0 987904 22304 0 0 1975808
 1133 15 5 2964128 988320 0 987904 1975808 0 0 987904 416 0 0 416
 1142 15 6 4006336 1020736 2963712 1975808 0 0 0 1975808 43776 3951616 0 43776
 1151 15 7 5025408 2061696 987904 3951616 987904 987904 1975808 0 6013312 0 0 2061696
 1160 16 0 0 2963712 0 2963712 987904 987904 0 1975808 0 1975808 0 0
 1169 16 1 2963712 0 0 987904 987904 987904 987904 2963712 0 0 7903232 0
 1178 16 2 0 0 0 2963712 1975808 987904 987904 2963712 0 0 1975808 0
 1187 16 3 2963712 987904 2963712 0 0 987904 0 3951616 1975808 1975808 1975808 0
 1196 16 4 987904 987904 1975808 0 0 1975808 1975808 3951616 0 1975808 1975808 0
 1205 16 5 987904 987904 987904 987904 1975808 0 0 1975808 0 0 0 0
 1214 16 6 0 987904 987904 0 1975808 0 0 3951616 0 0 0 0
 1223 16 7 1975808 2963712 2963712 3951616 3951616 1975808 3951616 0 1975808 9879040 5927424 0
 1232 17 0 0 5927424 1975808 987904 1976224 987904 987904 987904 416 3951616 7903232 1975808
 1241 17 1 5927424 0 987904 0 1010208 0 0 0 22304 0 0 0
 1250 17 2 1975808 987904 0 5927424 1975808 2963712 1975808 3951616 0 0 11854848 0
 1259 17 3 987904 0 5927424 0 3017600 2051584 1975808 1975808 5927424 2105472 0 0
 1268 17 4 1976224 1010208 1975808 3017600 0 1976224 10944 0 0 416 1975808 0
 1277 17 5 987904 0 2963712 2051584 1976224 0 999264 987904 0 0 1975808 0
 1286 17 6 987904 0 1975808 1975808 10944 999264 0 1975808 22304 0 0 0
 1295 17 7 987904 0 3951616 1975808 0 987904 1975808 0 0 1975808 0 0
 1304 18 0 0 3974336 1975808 3017600 1986752 987904 0 0 0 1975808 1975808 0
 1313 18 1 3974336 0 1975808 4993824 2996960 3951616 2963712 2963712 22720 1975808 11854848 5927424
 1322 18 2 1975808 1975808 0 1975808 987904 0 987904 0 0 0 0 0
 1331 18 3 3017600 4993824 1975808 0 2041056 3006656 987904 1975808 0 4168000 5927424 0
 1340 18 4 1986752 2996960 987904 2041056 0 1986752 11360 0 1975808 66080 0 0
 1349 18 5 987904 3951616 0 3006656 1986752 0 11360 0 0 22304 1975808 0
 1358 18 6 0 2963712 987904 987904 11360 11360 0 2963712 22720 0 1975808 0
 1367 18 7 0 2963712 0 1975808 0 0 2963712 0 0 0 0 0
 1376 19 0 0 1975808 3951616 33248 2030112 987904 1010624 416 22720 416 1975808 0
 1385 19 1 1975808 0 3951616 10944 1041792 22304 988320 0 0 0 0 0
 1394 19 2 3951616 3951616 0 1975808 3951616 0 987904 987904 0 0 5927424 1975808
 1403 19 3 33248 10944 1975808 0 2963712 987904 0 1975808 0 44192 0 0
 1412 19 4 2030112 1041792 3951616 2963712 0 5927424 3951616 3951616 5927424 6035616 9879040 0
 1421 19 5 987904 22304 0 987904 5927424 0 0 0 0 22304 1975808 0
 1430 19 6 1010624 988320 987904 0 3951616 0 0 3028960 22304 416 1975808 0
 1439 19 7 416 0 987904 1975808 3951616 0 3028960 0 2105472 1975808 0 0
 1448 20 0 0 2009056 987904 2963712 0 2963712 10944 1052736 22720 66080 1975808 0
 1457 20 1 2009056 0 0 1975808 987904 3951616 0 1064512 0 22304 1975808 0
 1466 20 2 987904 0 0 3951616 1975808 0 987904 0 0 0 0 0
 1475 20 3 2963712 1975808 3951616 0 2963712 2963712 1975808 2963712 0 0 9879040 5927424
 1484 20 4 0 987904 1975808 2963712 0 2963712 987904 0 0 1975808 0 0
 1493 20 5 2963712 3951616 0 2963712 2963712 0 2963712 1975808 1975808 1975808 7903232 0
 1502 20 6 10944 0 987904 1975808 987904 2963712 0 3040320 22720 0 1975808 0
 1511 20 7 1052736 1064512 0 2963712 0 1975808 3040320 0 4168000 0 0 0
 1520 21 0 0 3017600 0 0 3951616 0 2052000 1097344 22304 4189888 0 0
 1529 21 1 3017600 0 988320 987904 3973920 0 988320 11360 22720 22720 1975808 0
 1538 21 2 0 988320 0 2963712 1976224 2963712 987904 0 416 416 1975808 0
 1547 21 3 0 987904 2963712 0 10944 998848 1975808 987904 0 21888 1975808 0
 1556 21 4 3951616 3973920 1976224 10944 0 5015712 1975808 987904 0 2105888 7903232 1975808
 1565 21 5 0 0 2963712 998848 5015712 0 4939520 0 5927424 416 0 0
 1574 21 6 2052000 988320 987904 1975808 1975808 4939520 0 4950464 0 0 11854848 0
 1583 21 7 1097344 11360 0 987904 987904 0 4950464 0 66080 0 0 0
 1592 22 0 0 3040320 21888 0 1041792 1975808 3050848 1041792 832 4189888 0 0
 1601 22 1 3040320 0 0 0 1042208 1997696 22304 1987168 22304 44192 0 0
 1610 22 2 21888 0 0 2963712 1975808 1975808 987904 22304 21888 22304 1975808 0
 1619 22 3 0 0 2963712 0 1976224 3951616 0 987904 0 416 1975808 0
 1628 22 4 1041792 1042208 1975808 1976224 0 5004352 0 987904 0 4189888 1975808 0
 1637 22 5 1975808 1997696 1975808 3951616 5004352 0 2986016 3951616 0 44192 11854848 5927424
 1646 22 6 3050848 22304 987904 0 0 2986016 0 2964128 1998112 22304 0 0
 1655 22 7 1041792 1987168 22304 987904 987904 3951616 2964128 0 416 0 5927424 0
 1664 23 0 0 3017600 1975808 1975808 2996960 3994560 6926688 2963712 0 44192 5927424 9879040
 1673 23 1 3017600 0 1010208 987904 1986752 3006656 3985280 0 0 6013312 0 1975808
 1682 23 2 1975808 1010208 0 1975808 987904 987904 987904 0 0 22304 0 0
 1691 23 3 1975808 987904 1975808 0 0 1975808 987904 1975808 0 0 0 1975808
 1700 23 4 2996960 1986752 987904 0 0 1975808 0 0 0 44192 0 0
 1709 23 5 3994560 3006656 987904 1975808 1975808 0 987904 987904 0 6013312 0 0
 1718 23 6 6926688 3985280 987904 987904 0 987904 0 1975808 22720 22304 5927424 1975808
 1727 23 7 2963712 0 0 1975808 0 987904 1975808 0 0 0 0 0
 1736 24 0 0 4939520 0 1010624 0 22720 0 1975808 45440 0 0 0
 1745 24 1 4939520 0 987904 1998112 987904 987904 987904 2986432 45024 1975808 1975808 7903232
 1754 24 2 0 987904 0 4081280 2963712 5047712 987904 4059808 6273472 1975808 0 1975808
 1763 24 3 1010624 1998112 4081280 0 0 2020000 0 1009792 66496 0 0 1975808
 1772 24 4 0 987904 2963712 0 0 1975808 987904 2986016 22304 0 0 1975808
 1781 24 5 22720 987904 5047712 2020000 1975808 0 0 0 0 1975808 0 0
 1790 24 6 0 987904 987904 0 987904 0 0 4939520 0 1975808 0 0
 1799 24 7 1975808 2986432 4059808 1009792 2986016 0 4939520 0 0 0 9879040 0
 1808 25 0 0 3951616 987904 0 987904 0 987904 987904 0 0 0 7903232
 1817 25 1 3951616 0 1032096 2084000 1010208 416 0 0 0 0 0 0
 1826 25 2 987904 1032096 0 4939520 4939520 3951616 3951616 3951616 44192 3951616 5927424 11854848
 1835 25 3 0 2084000 4939520 0 21888 987904 0 1975808 2084000 21888 0 0
 1844 25 4 987904 1010208 4939520 21888 0 3017600 11360 0 22304 416 0 1975808
 1853 25 5 0 416 3951616 987904 3017600 0 999264 988320 416 2105472 0 1975808
 1862 25 6 987904 0 3951616 0 11360 999264 0 1975808 22304 416 0 0
 1871 25 7 987904 0 3951616 1975808 0 988320 1975808 0 416 0 1975808 0
 1880 26 0 0 3951616 987904 2986432 22304 2030528 10944 0 23136 0 0 1975808
 1889 26 1 3951616 0 1975808 1976224 1975808 2074304 2996960 987904 44608 0 0 11854848
 1898 26 2 987904 1975808 0 2985600 987904 0 987904 416 22304 1975808 0 0
 1907 26 3 2986432 1976224 2985600 0 1976224 5047712 987904 4081696 6295776 1976224 1975808 5927424
 1916 26 4 22304 1975808 987904 1976224 0 3050848 11360 33248 44608 22304 0 0
 1925 26 5 2030528 2074304 0 5047712 3050848 0 10944 33248 22304 4168000 0 1975808
 1934 26 6 10944 2996960 987904 987904 11360 10944 0 2963712 416 66080 0 1975808
 1943 26 7 0 987904 416 4081696 33248 33248 2963712 0 21888 0 0 0
 1952 27 0 0 1975808 3951616 0 987904 1021152 2030528 0 0 416 0 1975808
 1961 27 1 1975808 0 1975808 44192 2061696 33248 3071488 1063680 22720 2105472 0 0
 1970 27 2 3951616 1975808 0 1975808 2963712 0 1975808 988320 0 416 0 5927424
 1979 27 3 0 44192 1975808 0 1975808 987904 987904 1975808 44192 0 0 0
 1988 27 4 987904 2061696 2963712 1975808 0 5927424 2963712 2963712 2061696 0 5927424 9879040
 1997 27 5 1021152 33248 0 987904 5927424 0 0 0 22304 44192 0 1975808
 2006 27 6 2030528 3071488 1975808 987904 2963712 0 0 2996544 22304 6035616 0 1975808
 2015 27 7 0 1063680 988320 1975808 2963712 0 2996544 0 22304 0 1975808 0
 2024 28 0 0 3017600 998848 2963712 0 2963712 0 23136 22720 22304 0 1975808
 2033 28 1 3017600 0 33248 1998112 987904 3951616 1053152 1031264 22720 4168000 0 1975808
 2042 28 2 998848 33248 0 3973920 987904 416 1986752 32832 44608 66080 0 0
 2051 28 3 2963712 1998112 3973920 0 4081280 1010624 2963712 987904 22720 0 0 9879040
 2060 28 4 0 987904 987904 4081280 0 5047712 987904 2084000 6273472 0 0 0
 2069 28 5 2963712 3951616 416 1010624 5047712 0 1975808 1009792 66496 0 1975808 7903232
 2078 28 6 0 1053152 1986752 2963712 987904 1975808 0 2974656 416 1975808 0 1975808
 2087 28 7 23136 1031264 32832 987904 2084000 1009792 2974656 0 22304 1975808 0 0
 2096 29 0 0 2031776 1042208 0 3951616 0 1010208 0 22720 22304 0 0
 2105 29 1 2031776 0 2029696 987904 2020000 2084000 999264 10944 0 66496 0 1975808
 2114 29 2 1042208 2029696 0 2963712 1975808 987904 4005504 1064096 0 4189888 0 1975808
 2123 29 3 0 987904 2963712 0 0 987904 1975808 988320 0 416 0 1975808
 2132 29 4 3951616 2020000 1975808 0 0 1987168 4993408 987904 44192 22304 0 7903232
 2141 29 5 0 2084000 987904 987904 1987168 0 4027808 416 2084000 22304 0 0
 2150 29 6 1010208 999264 4005504 1975808 4993408 4027808 0 4939520 0 2105888 5927424 11854848
 2159 29 7 0 10944 1064096 988320 987904 416 4939520 0 0 416 0 0
 2168 30 0 0 1997696 1041792 0 416 1997696 1053152 1998112 22304 416 0 0
 2177 30 1 1997696 0 1042208 21888 0 1998112 1053568 1998528 22720 22304 0 0
 2186 30 2 1041792 1042208 0 2963712 1975808 1976224 2052000 1041792 416 4189888 0 1975808
 2195 30 3 0 21888 2963712 0 1998112 4082112 11360 998848 22720 43776 0 1975808
 2204 30 4 416 0 1975808 1998112 0 3973920 1064096 999264 44608 416 0 1975808
 2213 30 5 1997696 1998112 1976224 4082112 3973920 0 4027392 4092640 6295776 22304 0 11854848
 2222 30 6 1053152 1053568 2052000 11360 1064096 4027392 0 2985600 66496 4189888 0 0
 2231 30 7 1998112 1998528 1041792 998848 999264 4092640 2985600 0 416 43776 1975808 5927424
 2240 31 0 0 1976640 33248 1030848 0 0 3985280 1041792 832 0 0 0
 2249 31 1 1976640 0 32832 1030848 0 44192 4048448 1041792 22304 0 0 0
 2258 31 2 33248 32832 0 0 0 0 0 0 21888 44192 0 0
 2267 31 3 1030848 1030848 0 0 0 0 0 0 0 2061696 0 0
 2276 31 4 0 0 0 0 0 0 0 0 0 0 0 0
 2285 31 5 0 44192 0 0 0 0 0 0 44192 0 0 0
 2294 31 6 3985280 4048448 0 0 0 0 0 0 2062112 44192 0 5927424
 2303 31 7 1041792 1041792 0 0 0 0 0 0 21888 2061696 0 0
 2312 32 0 0 0 0 0 0 0 0 0 0 0 0 0
 2321 32 1 0 0 0 0 0 0 0 0 0 0 0 0
 2330 32 2 0 0 0 0 0 0 0 0 0 0 0 0
 2339 32 3 0 0 0 0 0 0 0 0 0 0 0 0
 2348 32 4 0 0 0 0 0 0 0 0 0 0 0 0
 2357 32 5 0 0 0 0 0 0 0 0 0 0 0 0
 2366 32 6 0 0 0 0 0 0 0 0 0 0 0 0
 2375 32 7 0 0 0 0 0 0 0 0 0 0 0 0